0.936389
0.943515
0.927921
0.909304
0.925448
0.952375
0.937754
0.899368
0.937831
0.948705
0.941557
0.963583
0.940554
0.917988
0.932559
0.915675
0.939502
0.953147
0.952267
0.924451
0.951973
0.940416
0.962977
0.955438
0.952113
0.930003
0.958942
0.975039
0.953951
0.937355
0.940689
0.973434
0.963682
0.957804
0.925607
0.909794
0.963369
0.951694
0.968209
0.967342
0.934518
0.957325
0.948982
0.927459
0.878796
0.956773
0.960300
0.935980
0.968725
0.963948
0.947382
0.931884
0.972980
0.957951
0.962794
0.962175
0.937448
0.943692
0.951085
0.933259
0.922874
0.958682
0.934611
0.964422
0.942345
0.910856
0.950557
0.922764
0.965546
0.903361
0.944309
0.963425
0.956565
0.954263
0.956370
0.945940
0.956350
0.943708
0.956828
0.941245
0.920940
0.948581
0.933960
0.955818
0.943330
0.922660
0.939497
0.953305
0.958850
0.917494
0.948804
0.921530
0.923667
0.953035
0.937816
0.942757
0.916835
0.931449
0.934243
0.957611
0.961891
0.924983
0.965603
0.972129
0.923192
0.938879
0.941897
0.878556
0.956093
0.980421
0.942128
0.943081
0.942561
0.932290
0.925913
0.973114
0.924636
0.907693
0.932318
0.961892
0.932365
0.957584
0.937377
0.917056
0.902195
0.939279
0.931656
0.906001
0.942195
0.948968
0.946769
0.942692
0.915025
0.953036
0.922956
0.869053
0.938684
0.962047
0.941141
0.947577
0.959402
0.932091
0.928308
0.939078
0.938061
0.922576
0.948566
0.933761
0.921492
0.931373
0.936562
0.942490
0.954141
0.945985
0.937469
0.939342
0.940806
0.926098
0.982121
0.943222
0.936543
0.946586
0.921629
0.967047
0.937055
0.965458
0.932192
0.913517
0.960196
0.947656
0.951972
0.949657
0.962167
0.973225
0.974071
0.935249
0.970027
0.970122
0.928034
0.960311
0.912590
0.932096
0.931956
0.931024
0.955962
0.939690
0.934241
0.920994
0.893202
0.981404
0.932542
0.940910
0.940324
0.921633
0.947976
0.960005
0.926836
0.886768
0.934342
0.955161
0.925350
0.955053
0.906832
0.951274
0.948664
0.935480
0.932282
0.915239
0.942971
0.929337
0.922356
0.904041
0.945101
0.962665
0.948973
0.940952
0.927526
0.969135
0.946631
0.931863
0.960755
0.934761
0.926076
0.945349
0.937498
0.944012
0.925716
0.928178
0.932983
0.955216
0.935070
0.910172
0.881477
0.944465
0.935272
0.892484
0.935718
0.938160
0.957353
0.959238
0.951979
0.925093
0.936064
0.902668
0.939758
0.936003
0.950053
0.915337
0.944097
0.920118
0.953054
0.954321
0.953807
0.962220
0.954768
0.933133
0.926268
0.932646
0.956894
0.935664
0.956922
0.931501
0.934646
0.957343
0.937694
0.958633
0.932481
0.948933
0.931349
0.937122
0.955103
0.934380
0.962167
0.951178
0.937301
0.950874
0.946275
0.932830
0.952630
0.937555
0.955318
0.954746
0.939279
0.947698
0.866100
0.943580
0.965701
0.944829
0.955811
0.977067
0.949313
0.916791
0.934562
0.950326
0.949580
0.947935
0.933939
0.955833
0.951045
0.949547
0.897979
0.974497
0.944993
0.922761
0.944251
0.925973
0.920943
0.932895
0.905039
0.944840
0.950565
0.919306
0.951307
0.932222
0.954288
0.953630
0.896286
0.940194
0.936867
0.923150
0.968300
0.928167
0.945677
0.937218
0.945929
0.936597
0.932865
0.930414
0.958106
0.920352
0.976760
0.926715
0.926577
0.909466
0.911762
0.917183
0.942889
0.933282
0.940711
0.938030
0.938838
0.938081
0.953559
0.938316
0.964700
0.934227
0.946922
0.945956
0.887789
0.886043
0.839891
0.834292
0.906434
0.906092
0.861422
0.864628
0.889341
0.905752
0.900638
0.842719
0.904682
0.852635
0.911735
0.857740
0.827010
0.907539
0.904963
0.881503
0.884212
0.860876
0.899604
0.872385
0.898820
0.918456
0.885456
0.905838
0.907622
0.901759
0.902240
0.913382
0.882153
0.914012
0.888640
0.867346
0.820497
0.872391
0.846859
0.920675
0.872230
0.956132
0.898275
0.872951
0.883895
0.902732
0.892238
0.919781
0.868877
0.828267
0.929473
0.914192
0.908351
0.917840
0.913378
0.897538
0.890708
0.914152
0.921716
0.864917
0.885719
0.900079
0.899442
0.912488
0.896871
0.908599
0.880758
0.874947
0.895712
0.894499
0.900588
0.910164
0.917365
0.910631
0.898974
0.885185
0.896103
0.893937
0.876340
0.895639
0.895768
0.878457
0.904229
0.902778
0.890259
0.900063
0.911389
0.897905
0.908072
0.885858
0.876013
0.897362
0.899508
0.900101
0.866179
0.900389
0.895130
0.895635
0.861568
0.894542
0.878939
0.926137
0.868249
0.871990
0.898152
0.935867
0.921158
0.889458
0.904526
0.859062
0.884848
0.903747
0.886027
0.910371
0.904195
0.911517
0.906040
0.866085
0.909723
0.897067
0.911014
0.894830
0.893983
0.892163
0.892678
0.871826
0.899282
0.895817
0.929954
0.899871
0.906563
0.930515
0.920163
0.921184
0.923494
0.931249
0.930774
0.911780
0.910308
0.882676
0.903704
0.887624
0.880292
0.893423
0.866463
0.884602
0.844954
0.899840
0.862942
0.856106
0.912372
0.928659
0.903895
0.893857
0.879451
0.859283
0.857412
0.877612
0.897143
0.880808
0.932393
0.884383
0.912488
0.890786
0.908141
0.874389
0.861348
0.894086
0.877405
0.927447
0.911129
0.913629
0.908507
0.909945
0.888023
0.867687
0.906275
0.903708
0.889041
0.902986
0.873621
0.879139
0.880928
0.896414
0.911277
0.898860
0.894769
0.853521
0.897784
0.877127
0.905298
0.865407
0.874533
0.889674
0.899845
0.909909
0.897649
0.815509
0.878340
0.872286
0.897964
0.899273
0.881354
0.876164
0.840801
0.876500
0.902419
0.871252
0.877690
0.868326
0.897649
0.906093
0.868614
0.888868
0.883244
0.914861
0.897042
0.907715
0.920142
0.920264
0.876500
0.893398
0.877011
0.906208
0.876895
0.879303
0.883111
0.891720
0.890725
0.899307
0.847758
0.934402
0.934415
0.869947
0.902051
0.903339
0.893730
0.901614
0.897649
0.890262
0.907244
0.898153
0.868916
0.879752
0.888665
0.901989
0.901990
0.886060
0.902780
0.865952
0.864773
0.923357
0.870491
0.909036
0.918000
0.907856
0.897247
0.862613
0.900817
0.868569
0.896924
0.887402
0.889271
0.887078
0.893942
0.903343
0.929200
0.909902
0.884169
0.888938
0.879855
0.896765
0.893807
0.932969
0.898439
0.913310
0.868459
0.936944
0.904265
0.906577
0.906192
0.870839
0.918275
0.887095
0.926454
0.929741
0.908971
0.912981
0.912730
0.889802
0.878807
0.918417
0.896486
0.906076
0.904778
0.906440
0.919653
0.896725
0.901681
0.881763
0.895061
0.891178
0.875570
0.883097
0.905895
0.918924
0.880728
0.877372
0.894362
0.896689
0.907528
0.880401
0.903689
0.859706
0.868925
0.905729
0.894882
0.891644
0.883465
0.913853
0.902518
0.889978
0.881026
0.908681
0.881200
0.901403
0.902585
0.899682
0.902468
0.869131
0.886063
0.852046
0.872564
0.877456
0.909890
0.892612
0.890878
0.896939
0.908026
0.918257
0.902445
0.907498
0.907779
0.914365
0.921762
0.908930
0.881051
0.909797
0.883693
0.898253
0.899149
0.917771
0.914480
0.855046
0.885580
0.883723
0.919286
0.921496
0.895842
0.891933
0.919360
0.912097
0.927374
0.919259
0.909854
0.880121
0.923667
0.904500
0.901266
0.896363
0.881666
0.905441
0.908891
0.910587
0.893562
0.917129
0.935863
0.924798
0.910798
0.897808
0.899041
0.905643
0.911566
0.899337
0.915298
0.906207
0.885176
0.896247
0.947322
0.935278
0.966344
0.941402
0.944473
0.942591
0.928874
0.943786
0.928471
0.924963
0.935108
0.940385
0.910795
0.940847
0.959181
0.947586
0.924481
0.904343
0.966279
0.961997
0.930550
0.941342
0.966202
0.930209
0.924012
0.955701
0.919883
0.948557
0.944694
0.907162
0.973934
0.961598
0.922898
0.948256
0.944569
0.927079
0.950891
0.952314
0.942005
0.954789
0.944053
0.945982
0.961701
0.940853
0.936649
0.927840
0.961796
0.921411
0.927780
0.953506
0.921546
0.910098
0.958093
0.928804
0.957125
0.950449
0.951050
0.957592
0.943571
0.941440
0.921381
0.955011
0.943406
0.924232
0.949421
0.970150
0.958520
0.935065
0.949839
0.960598
0.934334
0.960955
0.940838
0.948569
0.947876
0.960190
0.943703
0.923666
0.949110
0.940547
0.946754
0.944252
0.948105
0.952118
0.956908
0.941959
0.937719
0.887526
0.902138
0.869127
0.857092
0.838118
0.874273
0.908201
0.882818
0.871472
0.875192
0.881378
0.875656
0.898265
0.880150
0.885072
0.828564
0.897888
0.880251
0.850231
0.831098
0.883122
0.859128
0.893592
0.900472
0.907351
0.911628
0.890301
0.908008
0.891840
0.878758
0.882064
0.897901
0.878847
0.869399
0.854742
0.911351
0.889139
0.869831
0.839029
0.893322
0.857424
0.872982
0.862410
0.868801
0.863890
0.874097
0.863629
0.879140
0.882638
0.864038
0.858236
0.888984
0.878017
0.831488
0.856401
0.879935
0.910010
0.843935
0.871408
0.851893
0.851573
0.873481
0.890222
0.854079
0.908775
0.838340
0.895573
0.867822
0.914969
0.896883
0.868564
0.871697
0.830816
0.847281
0.860069
0.849780
0.848145
0.876195
0.853486
0.881194
0.923988
0.854917
0.875976
0.898635
0.875809
0.883878
0.897322
0.876182
0.893324
0.881125
0.838972
0.836952
0.874095
0.906485
0.872217
0.839952
0.901417
0.889066
0.858608
0.880847
0.922153
0.882444
0.849702
0.864223
0.891486
0.860569
0.870908
0.859069
0.875575
0.851928
0.862638
0.882896
0.875678
0.890399
0.892292
0.890941
0.853255
0.866154
0.887658
0.875936
0.864217
0.907878
0.888373
0.885685
0.908146
0.891642
0.914320
0.906063
0.846219
0.894697
0.866343
0.893589
0.890224
0.838668
0.885266
0.906828
0.895966
0.852926
0.894025
0.834934
0.874714
0.872027
0.867137
0.887281
0.893980
0.918485
0.873349
0.896389
0.893411
0.901747
0.894505
0.927434
0.856231
0.849842
0.854073
0.860247
0.898945
0.859842
0.902902
0.876556
0.902103
0.893265
0.842975
0.876561
0.886032
0.886828
0.863898
0.869585
0.878284
0.860879
0.896418
0.903890
0.878822
0.906649
0.898869
0.894639
0.892118
0.906038
0.893871
0.907391
0.876957
0.907391
0.869316
0.883933
0.879256
0.891847
0.863098
0.878498
0.898277
0.907378
0.835237
0.905346
0.909599
0.882222
0.879270
0.900650
0.891107
0.900079
0.897649
0.919926
0.874849
0.898846
0.926377
0.902086
0.948523
0.884228
0.900850
0.946707
0.876500
0.914519
0.911429
0.943343
0.885974
0.907240
0.919502
0.882201
0.900445
0.894700
0.906995
0.914836
0.950041
0.912907
0.969887
0.894448
0.901379
0.897649
0.895354
0.889027
0.891223
0.897649
0.900946
0.896910
0.923355
0.887923
0.923699
0.896478
0.880077
0.876500
0.926081
0.908196
0.875519
0.897548
0.911536
0.907031
0.911622
0.910616
0.908288
0.889369
0.916796
0.910103
0.932071
0.897096
0.927907
0.955189
0.959419
0.935361
0.901032
0.924359
0.883637
0.912460
0.922655
0.939730
0.891600
0.899776
0.929704
0.871162
0.928721
0.904865
0.883701
0.896986
0.889536
0.915900
0.897170
0.881850
0.898516
0.913083
0.905834
0.949888
0.907882
0.927555
0.909899
0.904354
0.917729
0.905390
0.890278
0.898942
0.942838
0.898064
0.877387
0.895700
0.929079
0.865303
0.879172
0.896502
0.919664
0.958293
0.903789
0.874623
0.894846
0.875497
0.888211
0.931789
0.917643
0.872892
0.892380
0.900435
0.920027
0.887563
0.923154
0.913542
0.872636
0.914013
0.892159
0.909370
0.901171
0.900659
0.913686
0.922597
0.953731
0.897222
0.949174
0.886737
0.878586
0.897418
0.954927
0.885735
0.946202
0.949698
0.940434
0.922864
0.893040
0.889265
0.884346
0.911351
0.893769
0.832334
0.891874
0.884930
0.898253
0.889569
0.898253
0.928229
0.894876
0.903875
0.920273
0.872685
0.924441
0.942065
0.945890
0.969517
0.927306
0.939935
0.917350
0.924266
0.949337
0.921214
0.936418
0.950069
0.932691
0.907609
0.934383
0.933671
0.935521
0.916599
0.931485
0.910889
0.932575
0.949806
0.923273
0.895911
0.913462
0.920502
0.859425
0.902785
0.896543
0.870772
0.917445
0.904454
0.889901
0.880534
0.888722
0.903599
0.857954
0.850532
0.859148
0.884411
0.889942
0.896230
0.863697
0.938118
0.889417
0.931223
0.891515
0.877313
0.862715
0.874119
0.905658
0.887596
0.861953
0.907114
0.896876
0.893025
0.911198
0.924189
0.944177
0.904468
0.887344
0.921008
0.945200
0.916183
0.917148
0.849208
0.963293
0.960607
0.957772
0.953132
0.953972
0.949472
0.945928
0.946496
0.942838
0.938427
0.940158
0.928969
0.928872
0.919783
0.918631
0.920884
0.912723
0.913230
0.911092
0.890661
0.893967
0.886614
0.889679
0.876116
0.873108
0.862741
0.871844
0.869973
0.870849
0.872448
0.846680
0.925272
0.895375
0.962640
0.958908
0.957030
0.960170
0.947232
0.946936
0.937029
0.933898
0.927838
0.927196
0.924512
0.910298
0.909816
0.888250
0.904583
0.907778
0.900702
0.899998
0.891677
0.901389
0.875857
0.879852
0.879744
0.871835
0.867818
0.864967
0.896226
0.887017
0.935568
0.937672
0.913059
0.915244
0.917886
0.909390
0.901524
0.915090
0.897195
0.895065
0.896725
0.891596
0.888148
0.892373
0.871298
0.877402
0.868697
0.854747
0.899687
0.880361
0.913705
0.909551
0.908034
0.874105
0.872869
0.856461
0.924261
0.898007
0.957418
0.943241
0.940690
0.930959
0.929474
0.927661
0.918879
0.911581
0.934023
0.906002
0.905450
0.894235
0.901228
0.900333
0.899354
0.898682
0.890998
0.902847
0.888068
0.887588
0.883046
0.883029
0.878996
0.871566
0.861283
0.848659
0.904659
0.848183
0.964280
0.958903
0.950094
0.939629
0.935687
0.935165
0.915668
0.916784
0.943757
0.912455
0.903899
0.904448
0.901322
0.894954
0.893407
0.889638
0.889445
0.894597
0.887414
0.907451
0.882721
0.890219
0.884985
0.879339
0.872388
0.866675
0.860246
0.852700
0.852828
0.845452
0.834137
0.926913
0.909640
0.966790
0.960731
0.958645
0.955182
0.953549
0.947936
0.942401
0.941638
0.940297
0.935325
0.933034
0.931595
0.931350
0.928643
0.928500
0.924994
0.917690
0.915477
0.913797
0.910298
0.902804
0.902804
0.898353
0.901663
0.901145
0.899543
0.897126
0.896986
0.893672
0.892573
0.886713
0.885091
0.887714
0.882022
0.878407
0.873994
0.874158
0.866853
0.854139
0.863079
0.861834
0.842267
0.837606
0.805012
0.937149
0.924061
0.925646
0.953814
0.918041
0.908684
0.930496
0.955518
0.920366
0.867984
0.892153
0.846183
0.923277
0.851620
0.846689
0.892890
0.893147
0.916677
0.912387
0.909525
0.920285
0.937383
0.937815
0.894842
0.861756
0.864723
0.889913
0.881509
0.859010
0.868258
0.862073
0.847102
0.896275
0.898431
0.890563
0.887552
0.859585
0.919657
0.953093
0.945131
0.899781
0.916624
0.917890
0.894221
0.941833
0.900883
0.912970
0.918579
0.892823
0.927812
0.945094
0.903150
0.909412
0.873549
0.868379
0.895062
0.907425
0.904278
0.927609
0.915485
0.911097
0.904961
0.877850
0.899414
0.882660
0.917372
0.878957
0.940235
0.890851
0.900406
0.918335
0.905962
0.938795
0.944433
0.935604
0.914078
0.897649
0.898795
0.876500
0.891421
0.867863
0.876563
0.881380
0.957728
0.948392
0.941904
0.933944
0.887307
0.836683
0.871494
0.891703
0.861027
0.892074
0.941956
0.929939
0.951997
0.880225
0.897649
0.913240
0.957466
0.925212
0.876500
0.963820
0.946578
0.963131
0.874809
0.914139
0.945037
0.922423
0.914176
0.942648
0.923696
0.928807
0.959460
0.908760
0.913200
0.949365
0.909712
0.891220
0.863457
0.891769
0.925501
0.889499
0.909998
0.890021
0.896013
0.873936
0.897119
0.884481
0.867992
0.894759
0.891147
0.927127
0.937900
0.873250
0.922491
0.951150
0.827469
0.875451
0.881685
0.856566
0.876754
0.892961
0.883669
0.917152
0.856600
0.875922
0.926514
0.922250
0.891277
0.923378
0.895260
0.896603
0.906743
0.920962
0.916560
0.902601
0.870232
0.886826
0.873058
0.859521
0.859309
0.876559
0.884462
0.876846
0.908832
0.905973
0.906369
0.916516
0.882328
0.940398
0.940124
0.924154
0.923408
0.957023
0.927872
0.867585
0.864983
0.930560
0.915967
0.901301
0.893182
0.896123
0.892358
0.912540
0.918685
0.912407
0.917195
0.881814
0.887529
0.871841
0.861114
0.904983
0.909416
0.912647
0.901329
0.916549
0.892871
0.885214
0.910525
0.949721
0.935411
0.895345
0.895589
0.870046
0.873754
0.900608
0.872383
0.866676
0.857604
0.879528
0.900099
0.865874
0.856298
0.950610
0.887193
0.944266
0.906995
0.949780
0.952825
0.954359
0.952079
0.964619
0.906882
0.947396
0.941711
0.917621
0.956865
0.949349
0.938361
0.947105
0.938956
0.883492
0.930019
0.871499
0.926208
0.907184
0.972971
0.929337
0.918733
0.884591
0.891441
0.882401
0.854989
0.900955
0.930624
0.846847
0.885605
0.927691
0.903320
0.865712
0.904855
0.916502
0.948311
0.950713
0.918580
0.931902
0.933916
0.945736
0.907500
0.952593
0.956911
0.949025
0.931228
0.950235
0.957802
0.964885
0.926993
0.951787
0.950689
0.951553
0.941469
0.954157
0.869192
0.886577
0.896857
0.902517
0.898284
0.910653
0.910747
0.917057
0.916802
0.888967
0.914080
0.893187
0.960359
0.907262
0.926453
0.898810
0.911625
0.924234
0.927872
0.903071
0.864626
0.863639
0.926317
0.925473
0.936983
0.901899
0.898908
0.889951
0.859152
0.886762
0.892370
0.932257
0.914164
0.894203
0.953040
0.949192
0.904997
0.888944
0.930485
0.926603
0.919088
0.952625
0.931363
0.908920
0.911877
0.923744
0.911486
0.889115
0.885746
0.889982
0.915143
0.924491
0.884841
0.891355
0.889420
0.868089
0.869412
0.915381
0.896454
0.916600
0.893254
0.917195
0.933366
0.919732
0.935040
0.939088
0.946594
0.925717
0.936884
0.947237
0.959295
0.912259
0.917121
0.942705
0.925738
0.942631
0.896002
0.877118
0.922274
0.874090
0.865967
0.859758
0.895352
0.918536
0.962481
0.925023
0.939491
0.966750
0.958823
0.921366
0.955067
0.904087
0.892089
0.882873
0.880847
0.902050
0.863366
0.872600
0.889331
0.914117
0.907881
0.909978
0.927805
0.919607
0.961175
0.960224
0.926818
0.958736
0.944073
0.934905
0.902242
0.958715
0.950972
0.950129
0.922837
0.917678
0.917373
0.881907
0.854610
0.909696
0.936257
0.915128
0.891553
0.893188
0.908227
0.936324
0.926647
0.884384
0.897762
0.927231
0.901888
0.899629
0.887774
0.894709
0.889711
0.883259
0.920802
0.919158
0.889314
0.942646
0.913148
0.869570
0.890144
0.883947
0.904990
0.897469
0.930517
0.919774
0.878366
0.897668
0.909088
0.939069
0.874076
0.923799
0.923069
0.951723
0.946252
0.963300
0.882616
0.901078
0.887139
0.888813
0.934196
0.877673
0.896329
0.938842
0.897527
0.936915
0.923631
0.926388
0.954536
0.935609
0.909550
0.953744
0.868802
0.951798
0.921179
0.869994
0.930923
0.911267
0.892016
0.899447
0.929195
0.923574
0.904613
0.885052
0.868493
0.914965
0.954552
0.893280
0.908268
0.938502
0.909376
0.917170
0.924052
0.900772
0.895242
0.930746
0.916655
0.890324
0.925111
0.907554
0.916436
0.931670
0.930423
0.959595
0.892759
0.936757
0.968625
0.924223
0.901427
0.908268
0.921134
0.906901
0.907334
